-5.5	1
-5      0.998800000000000
-4.5	0.996200000000000
-4      0.981600000000000
-3.5	0.947200000000000
-3      0.878600000000000
-2.5	0.771000000000000
-2      0.626600000000000
-1.5	0.459800000000000
-1      0.313400000000000
-0.5	0.198800000000000
0       0.115200000000000
0.5     0.0626000000000000
1       0.0326000000000000
1.5     0.0152000000000000
2       0.00780000000000000
2.5     0.00400000000000000
3       0.000800000000000000
3.5     0.000400000000000000
4.5     0.000200000000000000
5       0